Ejemplo de multiplicación de matrices usando OpenMP.
Starting matrix multiple example with 4 threads
Initializing matrices...
Thread 2 starting matrix multiply...
Thread 1 starting matrix multiply...
Thread 3 starting matrix multiply...
Thread 0 starting matrix multiply...
Thread=0 did row=0
Thread=0 did row=1
Thread=0 did row=2
Thread=0 did row=3
Thread=0 did row=4
Thread=0 did row=5
Thread=0 did row=6
Thread=0 did row=7
Thread=0 did row=8
Thread=0 did row=9
El tiempo de ejecucion fue: 0.000335
******************************************************
Matrix A:
  1.00     2.00     3.00     4.00     5.00     6.00     7.00     8.00     9.00    10.00   
  2.00     3.00     4.00     5.00     6.00     7.00     8.00     9.00    10.00    11.00   
  3.00     4.00     5.00     6.00     7.00     8.00     9.00    10.00    11.00    12.00   
  4.00     5.00     6.00     7.00     8.00     9.00    10.00    11.00    12.00    13.00   
  5.00     6.00     7.00     8.00     9.00    10.00    11.00    12.00    13.00    14.00   
  6.00     7.00     8.00     9.00    10.00    11.00    12.00    13.00    14.00    15.00   
  7.00     8.00     9.00    10.00    11.00    12.00    13.00    14.00    15.00    16.00   
  8.00     9.00    10.00    11.00    12.00    13.00    14.00    15.00    16.00    17.00   
  9.00    10.00    11.00    12.00    13.00    14.00    15.00    16.00    17.00    18.00   
 10.00    11.00    12.00    13.00    14.00    15.00    16.00    17.00    18.00    19.00   
******************************************************
******************************************************
Matrix B:
  1.00     1.00     1.00     1.00     1.00     1.00     1.00     1.00     1.00     1.00   
  1.00     2.00     3.00     4.00     5.00     6.00     7.00     8.00     9.00    10.00   
  1.00     3.00     5.00     7.00     9.00    11.00    13.00    15.00    17.00    19.00   
  1.00     4.00     7.00    10.00    13.00    16.00    19.00    22.00    25.00    28.00   
  1.00     5.00     9.00    13.00    17.00    21.00    25.00    29.00    33.00    37.00   
  1.00     6.00    11.00    16.00    21.00    26.00    31.00    36.00    41.00    46.00   
  1.00     7.00    13.00    19.00    25.00    31.00    37.00    43.00    49.00    55.00   
  1.00     8.00    15.00    22.00    29.00    36.00    43.00    50.00    57.00    64.00   
  1.00     9.00    17.00    25.00    33.00    41.00    49.00    57.00    65.00    73.00   
  1.00    10.00    19.00    28.00    37.00    46.00    55.00    64.00    73.00    82.00   
******************************************************
******************************************************
Result Matrix:
 55.00   385.00   715.00   1045.00   1375.00   1705.00   2035.00   2365.00   2695.00   3025.00   
 65.00   440.00   815.00   1190.00   1565.00   1940.00   2315.00   2690.00   3065.00   3440.00   
 75.00   495.00   915.00   1335.00   1755.00   2175.00   2595.00   3015.00   3435.00   3855.00   
 85.00   550.00   1015.00   1480.00   1945.00   2410.00   2875.00   3340.00   3805.00   4270.00   
 95.00   605.00   1115.00   1625.00   2135.00   2645.00   3155.00   3665.00   4175.00   4685.00   
105.00   660.00   1215.00   1770.00   2325.00   2880.00   3435.00   3990.00   4545.00   5100.00   
115.00   715.00   1315.00   1915.00   2515.00   3115.00   3715.00   4315.00   4915.00   5515.00   
125.00   770.00   1415.00   2060.00   2705.00   3350.00   3995.00   4640.00   5285.00   5930.00   
135.00   825.00   1515.00   2205.00   2895.00   3585.00   4275.00   4965.00   5655.00   6345.00   
145.00   880.00   1615.00   2350.00   3085.00   3820.00   4555.00   5290.00   6025.00   6760.00   
******************************************************
Done.
